20.047806
21.119036
26.020966
27.421732
27.585176
47.219036
61.211800
68.892738
115.055664
317.316956
348.435547
363.111023
364.061646
392.132019
392.548340
392.798035
406.745026
413.793823
431.661926
437.201141
438.147491
441.244720
450.143280
464.047089
467.264038
468.151031
471.594391
472.344879
476.072235
477.162689
490.253204
491.298981
494.284027
495.169861
498.191956
508.831696
515.994385
542.011353
551.131470
552.190735
557.022583
559.272949
562.227478
563.261230
566.168518
569.084290
574.767883
590.270752
601.208496
604.250305
607.249329
609.196045
619.280212
630.142029
638.107727
647.260437
648.126038
663.042542
665.227234
669.429993
677.291443
678.119141
679.191589
702.358948
705.270386
718.280762
720.241882
721.273560
732.340881
733.412170
734.302795
737.111877
741.284302
750.317810
759.388855
760.283813
773.062073
777.280762
788.708618
789.310120
790.844482
799.315796
801.404541
817.371460
818.213013
835.383301
846.320801
874.344666
877.307068
878.462769
892.372009
903.355530
904.867249
906.417908
930.395691
931.259216
942.460876
943.070557
944.177673
945.366638
945.796692
948.421204
958.442139
960.415344
961.979980
962.954224
988.415405
989.390503
991.512207
1006.395996
1018.397583
1046.408569
1061.501953
1073.464600
1076.833496
1077.218506
1100.479736
1101.539429
1104.582153
1108.495605
1112.465942
1114.502197
1118.527222
1130.494263
1158.447632
1161.614624
1169.526367
1175.497925
1176.539063
1187.514282
1191.894531
1192.526001
1215.510376
1218.629272
1226.658569
1227.464111
1228.617065
1232.538330
1233.528076
1243.588013
1244.518066
1247.054810
1258.690552
1272.547241
1275.619507
1283.640625
1285.593384
1286.535522
1299.754517
1300.744873
1301.563477
1303.966309
1307.586548
1315.675415
1329.575439
1332.633423
1342.662476
1347.593628
1354.702759
1357.698364
1358.646729
1370.600830
1397.558350
1402.645264
1413.635498
1414.684326
1427.773560
1442.652588
1445.750732
1455.691040
1460.660889
1467.648926
1502.780518
1504.658936
1512.797974
1528.817261
1554.799561
1555.716187
1557.826660
1559.791260
1562.676270
1569.807861
1572.751709
1598.788208
1616.822388
1626.807983
1638.784180
1642.758789
1654.852661
1655.855103
1665.762939
1671.911377
1673.839111
1683.825684
1698.949707
1699.771118
1713.296265
1727.918457
1768.835449
1786.919678
1789.437378
1796.969238
1797.869141
1809.704834
1843.913940
1853.906738
1869.980713
1883.941406
1921.109497
1938.983643
1956.059448
1957.045532
1960.946411
1967.097900
2014.062256
2018.249878
2024.050415
2053.072266
2071.066406
2081.061768
2096.974365
2098.079590
2138.937012
2167.152588
2184.158936
2190.147217
2212.118408
2213.204590
2266.229736
2280.213135
2282.101563
2284.314209
2285.106201
2294.244873
2297.234131
2310.345215
2326.127197
2332.143311
2337.205078
2351.166260
2353.278320
2355.182129
2356.286621
2366.205078
2369.210449
2393.313232
2403.224121
2405.477051
2407.052246
2407.893799
2411.332520
2413.185791
2415.075684
25.836170
27.687653
36.962128
61.967575
355.899963
367.120209
375.911713
379.947235
381.102142
381.975403
401.248596
418.178253
437.251770
450.152100
477.271759
479.104034
487.506531
493.212524
494.733185
495.228119
495.432983
506.200287
507.253510
531.254578
548.207275
550.201050
559.085632
562.259277
563.216553
574.212036
580.210632
588.120667
590.250732
603.240540
604.141663
607.255981
608.932678
619.280334
619.591553
620.202393
630.237549
665.301208
675.392334
718.292786
721.385132
732.270935
733.286011
738.122925
749.174194
750.324524
760.374695
774.322021
778.290527
788.271667
789.352295
791.459839
793.622559
799.203369
802.816528
817.337646
819.258728
828.372681
834.398071
835.323486
846.351135
847.873535
857.416199
873.692993
874.363770
875.474548
878.441101
878.843445
892.364197
903.373840
906.330017
931.395752
932.158264
940.587097
944.421814
947.371338
948.438843
951.299438
960.380005
963.119202
987.500061
988.405273
991.524719
1006.427368
1072.475708
1073.492188
1085.523193
1100.533813
1101.500122
1103.782471
1104.590454
1112.498779
1115.496948
1118.462524
1130.482544
1140.585938
1141.436279
1157.467041
1158.597534
1161.623535
1175.410400
1187.555786
1190.062134
1216.695801
1218.623047
1227.528931
1228.069458
1228.509399
1233.527832
1243.579834
1244.540405
1247.001953
1266.294189
1272.544556
1274.668335
1275.627563
1283.610474
1285.628662
1298.582031
1299.652466
1301.562988
1303.968506
1329.577759
1332.679443
1342.716675
1344.591553
1346.236816
1347.616943
1357.706665
1358.685303
1369.528198
1396.412476
1401.641602
1402.617554
1413.694458
1414.624390
1416.738770
1427.720703
1442.716797
1444.616821
1445.772949
1455.754028
1460.661133
1467.798828
1484.782471
1498.759277
1502.776245
1527.773804
1554.737427
1555.747314
1559.803345
1569.916138
1570.799438
1572.754150
1581.872925
1598.713257
1616.829102
1626.752197
1638.750732
1642.816895
1654.836426
1655.808716
1673.875977
1683.835571
1699.851807
1728.844360
1769.902832
1771.515869
1786.924561
1796.912231
1797.802246
1809.863647
1825.897095
1843.945313
1853.968384
1869.890503
1920.924316
1922.036743
1940.027954
1940.820801
1941.455078
1941.924683
1956.990112
1966.984497
2014.050781
2052.947510
2071.102783
2081.109619
2083.990723
2096.091797
2097.029541
2098.207520
2166.191895
2173.067139
2183.174561
2184.197754
2191.241211
2212.187012
2244.262207
2265.107422
2280.183838
2283.225342
2284.147949
2289.546631
2293.353271
2297.285645
2302.619385
2337.225342
2350.290527
2354.297119
2365.173828
2367.333740
2383.355225
2390.858398
2393.389404
2396.205566
2399.621582
2401.447510
2403.135986
2405.014893
2407.535645
2411.382568
2414.269531
2420.946777
11.605079
18.437319
23.022856
30.131485
57.291298
346.973969
414.288147
419.747589
422.215363
448.913513
449.366913
477.174133
495.201477
527.443420
534.259399
537.121277
551.236694
553.151428
557.453918
564.208069
572.095215
582.309082
583.151672
585.860168
588.038818
605.103149
606.521606
607.309204
610.411987
619.237610
622.660706
642.204224
662.179382
664.960571
665.277832
670.272095
676.274963
685.327393
693.238098
709.358704
714.274475
720.346924
724.415466
728.331848
732.325317
734.270386
737.679993
739.300171
743.247925
750.559082
751.352539
759.229614
760.363586
762.322510
788.337463
789.361633
791.210266
795.507263
799.281738
807.859863
834.312195
844.639404
845.287048
846.356079
849.232849
849.673096
872.687378
874.342346
878.376282
885.293457
888.438416
892.339233
903.358826
904.374023
905.766846
906.241760
919.306213
930.530151
932.315369
942.456970
948.068420
948.364075
950.255676
954.658447
957.238586
959.337463
960.382874
987.440674
990.537842
999.491333
1005.366211
1006.421326
1055.550537
1057.390747
1058.669067
1061.462158
1062.567139
1072.504272
1082.438965
1099.509277
1101.498047
1103.222412
1103.574829
1104.558594
1107.169067
1112.462036
1118.505249
1129.744385
1130.518311
1140.451660
1158.515747
1161.667847
1168.202148
1169.454224
1171.498657
1176.551025
1187.466309
1190.711182
1218.639038
1226.478516
1227.560425
1228.618164
1244.615112
1272.581909
1273.407104
1274.747925
1275.656982
1283.524780
1285.507813
1297.553833
1300.543823
1301.589722
1314.791992
1329.567017
1332.674927
1333.298828
1341.188721
1341.702393
1342.697876
1343.529541
1347.677368
1355.627808
1358.627319
1402.624634
1414.557251
1415.726929
1442.675903
1444.600220
1445.781006
1455.753418
1456.651611
1461.374512
1502.762695
1528.753540
1555.643188
1556.879883
1559.823730
1568.691895
1569.907715
1572.764893
1574.547974
1611.896118
1615.810425
1616.817017
1639.882202
1653.822021
1655.851074
1657.682739
1673.861450
1683.853638
1692.843140
1699.862427
1755.740845
1769.089844
1769.963745
1783.887695
1786.976196
1788.880859
1796.905518
1826.081177
1843.926880
1852.998657
1853.940063
1856.832642
1858.206665
1869.946533
1921.975586
1927.020386
1932.343018
1938.990601
1940.176270
1953.955322
1957.059692
1967.097534
1992.678833
2011.883423
2014.114990
2071.091553
2073.223389
2081.111328
2084.382324
2097.978516
2166.112549
2180.737549
2184.179443
2190.315918
2278.284424
2280.261475
2295.294678
2297.241699
2349.324463
2352.258301
2353.160400
2368.061279
2377.010986
2391.183594
2391.641846
2393.386719
2395.162598
2398.282471
2401.515869
2406.411377
2407.549561
2408.269043
2411.364746
2413.151855
23.113365
25.644676
32.576324
66.464424
71.178017
363.120728
449.202454
492.053833
494.763550
517.185181
530.251892
562.203003
603.195618
607.161316
608.268738
609.163757
619.221863
630.163452
631.276855
633.434082
634.234802
638.089294
657.155640
661.307739
664.395874
665.275818
722.341309
732.369202
745.162476
750.336609
758.556702
760.439453
765.670959
774.210083
777.297363
789.314514
791.309265
796.475830
800.255249
809.321350
814.323669
818.243164
834.385376
835.299194
835.966064
846.331604
850.274719
862.139893
874.272217
878.546875
889.336426
903.388855
906.239014
911.164001
918.498047
932.392212
946.356262
948.370667
949.350403
957.487793
960.379089
961.397827
963.422546
968.335449
974.612061
977.362488
988.343933
989.398132
991.481873
1004.469971
1006.415955
1007.929932
1014.605713
1017.431274
1019.437073
1045.526611
1072.472534
1073.483765
1096.440674
1100.425659
1101.526611
1102.527832
1104.590942
1112.450073
1114.445190
1130.479614
1132.121338
1158.706787
1159.430420
1161.607056
1169.511230
1176.519775
1186.999634
1187.527588
1189.798584
1215.575562
1218.628418
1229.594727
1230.463623
1233.455811
1243.591919
1244.519165
1267.264771
1272.600220
1275.579712
1276.636108
1282.683105
1284.465698
1285.492920
1286.690552
1301.548218
1303.433960
1320.456055
1328.521973
1329.597290
1332.636353
1334.529663
1341.625366
1342.656616
1347.502930
1358.656860
1369.483521
1370.692627
1399.704102
1401.734131
1402.672729
1414.688354
1442.744263
1445.757568
1455.718384
1457.406006
1460.609619
1467.733887
1484.808838
1502.742432
1504.591919
1511.720581
1512.731567
1528.622070
1554.825928
1555.632813
1556.781494
1559.804565
1572.748901
1616.761963
1639.720825
1655.802124
1658.670288
1673.850708
1675.683228
1683.799072
1685.704346
1699.764771
1700.907227
1783.246582
1786.035278
1786.913208
1796.921143
1800.036499
1812.881226
1843.916382
1853.884033
1869.895020
1920.967041
1939.012573
1952.892578
1957.006958
1960.575806
1963.432495
1966.914185
2011.108154
2014.021240
2016.708740
2071.089600
2072.960205
2081.011475
2082.886230
2084.782959
2098.035156
2107.871582
2184.153320
2188.061279
2212.188232
2280.205811
2281.066162
2284.194580
2296.222656
2297.251465
2302.099121
2309.989990
2333.724365
2337.310547
2340.209229
2352.312012
2354.296143
2360.273193
2362.155029
2364.379883
2366.201172
2368.018555
2371.007813
2379.117188
2390.459717
2392.195068
2393.352539
2395.202148
2399.873535
2406.142578
2406.692871
2409.287842
2411.291992
2412.172119
2414.041748
10.504645
14.861417
19.192184
21.971132
22.273075
22.378313
23.019777
27.091242
30.085241
41.177124
49.307632
64.446632
81.413803
101.481163
301.073761
353.148499
364.254211
373.096832
376.968994
383.945465
392.183411
393.817566
424.530487
448.062164
449.134583
453.442383
456.538361
464.087433
465.439056
479.387299
489.695801
493.839569
495.099182
496.477722
497.125519
504.452148
532.391785
533.148315
550.197693
565.195496
566.040649
571.580933
579.084167
590.143188
591.256531
593.008545
609.086975
615.137451
619.189575
621.240112
630.187195
638.146729
646.160950
665.207092
676.311157
677.256714
691.305115
705.295044
732.293579
735.333862
749.431580
750.338806
751.203186
758.595276
760.232117
761.170105
777.659180
789.318970
791.618774
794.257385
803.289856
815.249878
817.269775
831.319946
835.312378
836.548645
846.294739
847.364624
857.758911
871.337341
878.463135
891.413879
903.331848
911.388977
914.146179
934.269409
942.302551
946.335449
948.464539
950.603210
960.398132
962.956482
973.448853
986.623657
987.009155
988.446106
991.474976
1000.288879
1005.380127
1006.411865
1018.440613
1029.439819
1044.339233
1059.463257
1073.359375
1094.458618
1101.459717
1103.642334
1104.557007
1108.358643
1113.514160
1118.532593
1121.434937
1125.364868
1130.519531
1140.460571
1144.569214
1161.595215
1167.611938
1171.435791
1175.536255
1175.942017
1187.553467
1189.440796
1217.618774
1218.621948
1226.677734
1227.534912
1243.520630
1244.534912
1246.826172
1253.826660
1271.513550
1272.570557
1275.639282
1283.556763
1285.584839
1287.515747
1299.544800
1300.493774
1301.569824
1303.169067
1304.403564
1327.574219
1329.589478
1332.617188
1334.824707
1342.623047
1356.540894
1358.617065
1363.608765
1386.621216
1412.553833
1415.525513
1442.444336
1443.646973
1445.747314
1454.548828
1455.742188
1467.707397
1499.677856
1502.786621
1555.760376
1556.623901
1559.794922
1572.774170
1598.714722
1616.820679
1618.687988
1655.783203
1673.782227
1683.869263
1685.765747
1699.784180
1768.946899
1786.904053
1796.889648
1798.698730
1843.898438
1853.942749
1855.848755
1870.826172
1889.356201
1938.953247
1941.056763
1954.984497
1957.045776
2014.042969
2070.032715
2071.060547
2081.108398
2081.985596
2097.082520
2123.999023
2143.052246
2184.210449
2188.574707
2211.246582
2243.219238
2276.162842
2280.115234
2282.260986
2286.206055
2297.195801
2303.318848
2356.385254
2361.187256
2362.429932
2366.126953
2367.921875
2372.262207
2383.293457
2390.305176
2391.214355
2393.214844
2396.348145
2400.250488
2403.118408
2406.155762
2409.328857
2411.237793
2412.107422
