32.669609
83.731956
213.202209
395.199402
641.170837
647.309509
714.276367
750.324463
857.104065
880.638184
912.434021
931.316711
933.510437
941.817993
949.470703
955.035706
960.348816
975.423462
988.540894
995.971008
1001.540039
1005.426331
1013.551147
1047.503296
1048.499268
1049.618896
1055.483765
1074.181274
1077.497681
1085.135742
1093.280762
1118.707764
1128.564331
1131.608398
1142.708130
1171.742432
1175.514404
1186.682861
1188.825928
1204.749268
1206.946045
1215.736328
1219.736450
1243.740234
1267.594360
1271.642822
1275.778320
1289.685791
1292.761230
1296.247925
1300.772827
1309.946655
1333.186279
1336.113403
1344.722412
1345.148804
1358.606201
1367.485962
1390.785400
1395.626099
1396.208496
1399.830688
1412.777222
1413.782837
1416.577637
1431.792236
1441.853882
1448.807983
1459.792236
1487.051392
1502.770508
1503.914063
1504.600220
1509.647705
1511.235596
1511.922363
1525.793701
1526.921265
1541.864258
1554.906494
1560.095947
1560.860229
1569.855957
1571.227661
1578.166382
1580.322021
1587.474976
1599.635132
1607.128784
1613.624146
1615.067627
1616.938843
1624.086304
1626.764282
1628.958130
1638.612183
1640.722778
1654.916382
1658.893677
1664.893066
1668.756836
1706.870972
1712.415649
1715.096802
1730.882690
1737.689331
1739.285400
1740.033813
1740.906982
1752.132813
1796.948120
1809.114746
1828.081787
1841.024536
1843.180664
1879.005615
1902.190552
1922.295288
1925.995850
1944.985596
1947.515869
1997.460205
2013.382324
2014.403809
2083.403809
2111.004883
2126.413330
2155.344482
2167.388184
2172.341797
2183.344482
2185.462402
2199.062256
2203.653076
2216.602783
2218.002441
2228.636963
2241.576904
2242.396973
2246.485352
2266.106934
2268.391602
2273.566162
2282.451172
2297.614258
2300.462891
2301.674072
2310.282227
2312.499023
2313.619385
2323.899170
2328.671387
2331.154053
2334.077881
2340.510742
2341.239990
2341.827637
2344.946777
2350.158691
2355.506348
2356.063232
2356.699707
2361.465576
2367.897705
2378.602051
2394.798096
2405.611816
2414.715088
2423.387451
2427.563965
2428.844238
2435.395264
2440.269775
2443.678223
2444.441895
2446.312012
2451.926270
2458.516357
2461.061035
2466.508545
2468.968506
2472.185791
2473.411133
2474.068115
2474.894531
2482.461914
