16.556221
21.665396
35.865517
46.524174
65.225777
112.123512
117.118538
202.643402
241.229187
243.873276
259.886200
326.163269
364.392303
373.786255
404.971375
436.877594
440.243134
451.974579
455.510864
459.221619
463.256165
494.125549
495.268860
513.321838
531.811462
551.221741
619.207947
620.110779
621.234558
635.730408
666.210449
668.225281
687.825745
693.118347
703.270203
720.517944
724.924072
738.264893
744.342041
749.421814
750.363708
757.779480
758.372437
760.350037
762.197266
764.314453
765.898865
773.165833
775.446899
790.971313
795.937744
800.742371
813.403442
815.541504
816.421082
817.359497
828.764038
833.486816
835.717468
843.020996
855.298828
861.379272
875.615112
876.024658
876.582031
877.494507
878.298706
892.598083
903.230713
903.545349
921.353577
921.851807
924.392456
931.472778
935.525085
942.594421
948.547791
953.966187
957.513245
958.435303
958.892090
959.391052
961.846924
964.809998
965.198242
973.797791
981.509277
987.437683
998.098083
1004.465698
1005.494202
1021.739441
1049.586548
1052.230957
1057.622437
1071.513306
1073.611572
1088.428101
1102.107544
1105.579468
1106.787354
1111.540527
1119.399414
1129.607422
1131.384033
1131.772095
1139.970825
1155.636597
1158.516113
1161.446899
1168.581909
1170.419556
1172.656616
1180.960205
1186.672974
1215.811768
1218.819824
1228.823975
1242.642090
1243.660278
1246.085815
1254.749878
1271.670288
1274.583374
1276.729248
1303.730347
1332.703735
1341.676392
1343.882568
1356.766602
1390.897217
1396.328003
1396.799194
1399.703125
1401.905151
1412.804810
1413.753662
1416.069336
1459.845825
1493.177002
1498.923096
1502.968262
1503.852783
1513.984375
1559.895386
1582.993896
1627.906128
1629.945801
1646.955322
1730.098022
1789.130615
1841.197266
1843.144775
1846.972534
1898.103149
1901.161987
1910.396973
1913.120605
2012.259766
2097.243896
2123.239502
2126.371094
2130.222656
2154.387207
2169.032715
2171.525635
2183.471191
2186.371338
2196.090820
2202.371826
2216.441650
2227.363525
2232.660400
2240.469971
2241.567383
2245.402588
2256.623535
2267.417236
2269.258545
2274.621094
2276.180176
2279.433105
2282.329834
2285.972656
2297.538330
2298.431641
2301.659668
2302.321533
2303.559082
2307.437988
2310.729736
2313.635498
2315.509766
2321.061035
2322.453857
2330.553467
2336.608154
2345.351563
2351.410156
2356.486572
2361.525391
2362.545898
2367.553223
2373.287354
2375.568848
2379.461914
2386.490234
2391.462158
2394.669189
2396.407471
2400.606934
2402.424561
2405.792725
2407.369141
2408.473877
2418.075439
2419.465332
2421.593018
2424.594727
2425.563965
2427.438232
2431.290771
2436.657959
2438.500000
2447.399902
2450.753906
2452.377441
2455.561035
2460.897217
2464.396973
2465.583252
2466.393311
2467.471191
2472.310303
2473.125977
