46.986900
51.892368
478.135193
483.484039
503.232697
513.754822
551.105774
570.060181
586.214417
659.244751
679.153259
713.490967
721.190430
732.276428
748.273254
763.267212
775.340027
776.275696
787.319580
796.596680
810.346680
875.489258
878.501099
878.794922
884.295776
888.484009
892.623901
902.376648
913.704651
931.518738
945.388489
958.626099
959.529297
965.849487
983.907898
987.456482
1015.486938
1017.636902
1060.020264
1073.575073
1099.584839
1100.568726
1132.332764
1139.544556
1157.106689
1158.619751
1171.560181
1187.686035
1194.711304
1200.020264
1214.622803
1215.767456
1218.641968
1219.536133
1220.783691
1227.596436
1231.496704
1242.747681
1243.649780
1246.056519
1252.081421
1258.602783
1261.839966
1262.543213
1266.194580
1270.568481
1271.651733
1275.730835
1289.777954
1296.838501
1306.889771
1324.049316
1329.952148
1332.838135
1337.088989
1353.739136
1357.865479
1378.941650
1387.756958
1390.924194
1393.641602
1398.889526
1400.720093
1402.798218
1413.846802
1416.495361
1443.644897
1459.862183
1460.728027
1467.240723
1488.673340
1502.867554
1504.913086
1512.784790
1513.641968
1514.941040
1542.709229
1559.952881
1571.978516
1585.098999
1616.802368
1617.977539
1627.008789
1627.964722
1641.945801
1673.925903
1717.937134
1730.038330
1740.088257
1824.612915
1843.195068
1901.168091
1902.062012
2014.380615
2074.668945
2126.555420
2194.532227
2196.363037
2240.545410
2241.454834
2247.620117
2254.388184
2272.523926
2297.388916
2303.162109
2330.661865
2334.463135
2337.450928
2348.903076
2355.529053
2370.793701
2380.175293
2381.336670
2382.833984
2390.637207
2399.331055
2405.519287
2408.382324
2410.944824
2416.301758
2422.751465
2424.570313
2428.594727
2431.874268
2440.059570
2461.158936
2463.405762
2468.050049
2469.929443
2470.721680
2473.587646
2475.351807
